0 300 10
1 297.1 12.9
2 294.258 15.742
3 291.473 18.5272
4 288.743 21.2566
5 286.069 23.9315
6 283.447 26.5529
7 280.878 29.1218
8 278.361 31.6394
9 275.893 34.1066
10 273.476 36.5244
11 271.106 38.894
12 268.784 41.2161
13 266.508 43.4918
14 264.278 45.7219
15 262.093 47.9075
16 259.951 50.0493
17 257.852 52.1483
18 255.795 54.2054
19 253.779 56.2213
20 251.803 58.1968
21 249.867 60.1329
22 247.97 62.0302
23 246.11 63.8896
24 244.288 65.7119
25 242.502 67.4976
26 240.752 69.2477
27 239.037 70.9627
28 237.357 72.6435
29 235.709 74.2906
30 234.095 75.9048
31 232.513 77.4867
32 230.963 79.0369
33 229.444 80.5562
34 227.955 82.0451
35 226.496 83.5042
36 225.066 84.9341
37 223.665 86.3354
38 222.291 87.7087
39 220.945 89.0545
40 219.627 90.3734
41 218.334 91.666
42 217.067 92.9327
43 215.826 94.174
44 214.609 95.3905
45 213.417 96.5827
46 212.249 97.7511
47 211.104 98.896
48 209.982 100.018
49 208.882 101.118
50 207.805 102.195
51 206.749 103.251
52 205.714 104.286
53 204.699 105.301
54 203.705 106.295
55 202.731 107.269
56 201.777 108.223
57 200.841 109.159
58 199.924 110.076
59 199.026 110.974
60 198.145 111.855
61 197.282 112.718
62 196.437 113.563
63 195.608 114.392
64 194.796 115.204
65 194 116
66 193.22 116.78
67 192.455 117.545
68 191.706 118.294
69 190.972 119.028
70 190.253 119.747
71 189.548 120.452
72 188.857 121.143
73 188.18 121.82
74 187.516 122.484
75 186.866 123.134
76 186.228 123.772
77 185.604 124.396
78 184.992 125.008
79 184.392 125.608
80 183.804 126.196
81 183.228 126.772
82 182.663 127.337
83 182.11 127.89
84 181.568 128.432
85 181.037 128.963
86 180.516 129.484
87 180.006 129.994
88 179.505 130.495
89 179.015 130.985
90 178.535 131.465
91 178.064 131.936
92 177.603 132.397
93 177.151 132.849
94 176.708 133.292
95 176.274 133.726
96 175.848 134.152
97 175.431 134.569
98 175.023 134.977
99 174.622 135.378
100 174.23 135.77
101 173.845 136.155
102 173.468 136.532
103 173.099 136.901
104 172.737 137.263
105 172.382 137.618
106 172.035 137.965
107 171.694 138.306
108 171.36 138.64
109 171.033 138.967
110 170.712 139.288
111 170.398 139.602
112 170.09 139.91
113 169.788 140.212
114 169.492 140.508
115 169.203 140.797
116 168.919 141.081
117 168.64 141.36
118 168.367 141.633
119 168.1 141.9
120 167.838 142.162
121 167.581 142.419
122 167.33 142.67
123 167.083 142.917
124 166.841 143.159
125 166.605 143.395
126 166.372 143.628
127 166.145 143.855
128 165.922 144.078
129 165.704 144.296
130 165.49 144.51
131 165.28 144.72
132 165.074 144.926
133 164.873 145.127
134 164.675 145.325
135 164.482 145.518
136 164.292 145.708
137 164.106 145.894
138 163.924 146.076
139 163.746 146.254
140 163.571 146.429
141 163.399 146.601
142 163.231 146.769
143 163.067 146.933
144 162.905 147.095
145 162.747 147.253
146 162.592 147.408
147 162.44 147.56
148 162.292 147.708
149 162.146 147.854
150 162.003 147.997
151 161.863 148.137
152 161.726 148.274
153 161.591 148.409
154 161.459 148.541
155 161.33 148.67
156 161.203 148.797
157 161.079 148.921
158 160.958 149.042
159 160.839 149.161
160 160.722 149.278
161 160.607 149.393
162 160.495 149.505
163 160.385 149.615
164 160.278 149.722
165 160.172 149.828
166 160.069 149.931
167 159.967 150.033
168 159.868 150.132
169 159.771 150.229
170 159.675 150.325
171 159.582 150.418
172 159.49 150.51
173 159.4 150.6
174 159.312 150.688
175 159.226 150.774
176 159.141 150.859
177 159.059 150.941
178 158.977 151.023
179 158.898 151.102
180 158.82 151.18
181 158.744 151.256
182 158.669 151.331
183 158.595 151.405
184 158.523 151.477
185 158.453 151.547
186 158.384 151.616
187 158.316 151.684
188 158.25 151.75
189 158.185 151.815
190 158.121 151.879
191 158.059 151.941
192 157.998 152.002
193 157.938 152.062
194 157.879 152.121
195 157.821 152.179
196 157.765 152.235
197 157.71 152.29
198 157.655 152.345
199 157.602 152.398
200 157.55 152.45
201 157.499 152.501
202 157.449 152.551
203 157.4 152.6
204 157.352 152.648
205 157.305 152.695
206 157.259 152.741
207 157.214 152.786
208 157.17 152.83
209 157.126 152.874
210 157.084 152.916
211 157.042 152.958
212 157.001 152.999
213 156.961 153.039
214 156.922 153.078
215 156.884 153.116
216 156.846 153.154
217 156.809 153.191
218 156.773 153.227
219 156.737 153.263
220 156.703 153.297
221 156.669 153.331
222 156.635 153.365
223 156.602 153.398
224 156.57 153.43
225 156.539 153.461
226 156.508 153.492
227 156.478 153.522
228 156.448 153.552
229 156.42 153.58
230 156.391 153.609
231 156.363 153.637
232 156.336 153.664
233 156.309 153.691
234 156.283 153.717
235 156.257 153.743
236 156.232 153.768
237 156.208 153.792
238 156.184 153.816
239 156.16 153.84
240 156.137 153.863
241 156.114 153.886
242 156.092 153.908
243 156.07 153.93
244 156.048 153.952
245 156.027 153.973
246 156.007 153.993
247 155.987 154.013
248 155.967 154.033
249 155.948 154.052
250 155.929 154.071
251 155.91 154.09
252 155.892 154.108
253 155.874 154.126
254 155.857 154.143
255 155.839 154.161
256 155.823 154.177
257 155.806 154.194
258 155.79 154.21
259 155.774 154.226
260 155.759 154.241
261 155.744 154.256
262 155.729 154.271
263 155.714 154.286
264 155.7 154.3
265 155.686 154.314
266 155.672 154.328
267 155.659 154.341
268 155.646 154.354
269 155.633 154.367
270 155.62 154.38
271 155.608 154.392
272 155.595 154.405
273 155.584 154.416
274 155.572 154.428
275 155.56 154.44
276 155.549 154.451
277 155.538 154.462
278 155.527 154.473
279 155.517 154.483
280 155.507 154.493
281 155.496 154.504
282 155.487 154.513
283 155.477 154.523
284 155.467 154.533
285 155.458 154.542
286 155.449 154.551
287 155.44 154.56
288 155.431 154.569
289 155.422 154.578
290 155.414 154.586
291 155.406 154.594
292 155.398 154.602
293 155.39 154.61
294 155.382 154.618
295 155.374 154.626
296 155.367 154.633
297 155.359 154.641
298 155.352 154.648
299 155.345 154.655
300 155.338 154.662
301 155.331 154.669
302 155.325 154.675
303 155.318 154.682
304 155.312 154.688
305 155.306 154.694
306 155.3 154.7
307 155.294 154.706
308 155.288 154.712
309 155.282 154.718
310 155.276 154.724
311 155.271 154.729
312 155.265 154.735
313 155.26 154.74
314 155.255 154.745
315 155.25 154.75
316 155.245 154.755
317 155.24 154.76
318 155.235 154.765
319 155.23 154.77
320 155.226 154.774
321 155.221 154.779
322 155.217 154.783
323 155.213 154.787
324 155.208 154.792
325 155.204 154.796
326 155.2 154.8
327 155.196 154.804
328 155.192 154.808
329 155.188 154.812
330 155.184 154.816
331 155.181 154.819
332 155.177 154.823
333 155.174 154.826
334 155.17 154.83
335 155.167 154.833
336 155.163 154.837
337 155.16 154.84
338 155.157 154.843
339 155.154 154.846
340 155.151 154.849
341 155.148 154.852
342 155.145 154.855
343 155.142 154.858
344 155.139 154.861
345 155.136 154.864
346 155.134 154.866
347 155.131 154.869
348 155.128 154.872
349 155.126 154.874
350 155.123 154.877
351 155.121 154.879
352 155.118 154.882
353 155.116 154.884
354 155.114 154.886
355 155.111 154.889
356 155.109 154.891
357 155.107 154.893
358 155.105 154.895
359 155.103 154.897
360 155.101 154.899
361 155.099 154.901
362 155.097 154.903
363 155.095 154.905
364 155.093 154.907
365 155.091 154.909
366 155.089 154.911
367 155.087 154.913
368 155.086 154.914
369 155.084 154.916
370 155.082 154.918
371 155.081 154.919
372 155.079 154.921
373 155.077 154.923
374 155.076 154.924
375 155.074 154.926
376 155.073 154.927
377 155.071 154.929
378 155.07 154.93
379 155.069 154.931
380 155.067 154.933
381 155.066 154.934
382 155.065 154.935
383 155.063 154.937
384 155.062 154.938
385 155.061 154.939
386 155.06 154.94
387 155.058 154.942
388 155.057 154.943
389 155.056 154.944
390 155.055 154.945
391 155.054 154.946
392 155.053 154.947
393 155.052 154.948
394 155.051 154.949
395 155.05 154.95
396 155.049 154.951
397 155.048 154.952
398 155.047 154.953
399 155.046 154.954
400 155.045 154.955
401 155.044 154.956
402 155.043 154.957
403 155.042 154.958
404 155.041 154.959
405 155.041 154.959
406 155.04 154.96
407 155.039 154.961
408 155.038 154.962
409 155.037 154.963
410 155.037 154.963
411 155.036 154.964
412 155.035 154.965
413 155.034 154.966
414 155.034 154.966
415 155.033 154.967
416 155.032 154.968
417 155.032 154.968
418 155.031 154.969
419 155.031 154.969
420 155.03 154.97
421 155.029 154.971
422 155.029 154.971
423 155.028 154.972
424 155.028 154.972
425 155.027 154.973
426 155.027 154.973
427 155.026 154.974
428 155.025 154.975
429 155.025 154.975
430 155.024 154.976
431 155.024 154.976
432 155.023 154.977
433 155.023 154.977
434 155.023 154.977
435 155.022 154.978
436 155.022 154.978
437 155.021 154.979
438 155.021 154.979
439 155.02 154.98
440 155.02 154.98
441 155.02 154.98
442 155.019 154.981
443 155.019 154.981
444 155.018 154.982
445 155.018 154.982
446 155.018 154.982
447 155.017 154.983
448 155.017 154.983
449 155.017 154.983
450 155.016 154.984
451 155.016 154.984
452 155.016 154.984
453 155.015 154.985
454 155.015 154.985
455 155.015 154.985
456 155.014 154.986
457 155.014 154.986
458 155.014 154.986
459 155.014 154.986
460 155.013 154.987
461 155.013 154.987
462 155.013 154.987
463 155.013 154.987
464 155.012 154.988
465 155.012 154.988
466 155.012 154.988
467 155.012 154.988
468 155.011 154.989
469 155.011 154.989
470 155.011 154.989
471 155.011 154.989
472 155.01 154.99
473 155.01 154.99
474 155.01 154.99
475 155.01 154.99
476 155.01 154.99
477 155.009 154.991
478 155.009 154.991
479 155.009 154.991
480 155.009 154.991
481 155.009 154.991
482 155.009 154.991
483 155.008 154.992
484 155.008 154.992
485 155.008 154.992
486 155.008 154.992
487 155.008 154.992
488 155.008 154.992
489 155.007 154.993
490 155.007 154.993
491 155.007 154.993
492 155.007 154.993
493 155.007 154.993
494 155.007 154.993
495 155.007 154.993
496 155.006 154.994
497 155.006 154.994
498 155.006 154.994
499 155.006 154.994
500 155.006 154.994
