0 1
0.001 0.9
0.002 0.81
0.003 0.729
0.004 0.6561
0.005 0.59049
0.006 0.531441
0.007 0.478297
0.008 0.430467
0.009 0.38742
0.01 0.348678
0.011 0.313811
0.012 0.28243
0.013 0.254187
0.014 0.228768
0.015 0.205891
0.016 0.185302
0.017 0.166772
0.018 0.150095
0.019 0.135085
0.02 0.121577
0.021 0.109419
0.022 0.0984771
0.023 0.0886294
0.024 0.0797664
0.025 0.0717898
0.026 0.0646108
0.027 0.0581497
0.028 0.0523348
0.029 0.0471013
0.03 0.0423912
0.031 0.038152
0.032 0.0343368
0.033 0.0309032
0.034 0.0278128
0.035 0.0250316
0.036 0.0225284
0.037 0.0202756
0.038 0.018248
0.039 0.0164232
0.04 0.0147809
0.041 0.0133028
0.042 0.0119725
0.043 0.0107753
0.044 0.00969774
0.045 0.00872796
0.046 0.00785517
0.047 0.00706965
0.048 0.00636269
0.049 0.00572642
0.05 0.00515378
0.051 0.0046384
0.052 0.00417456
0.053 0.0037571
0.054 0.00338139
0.055 0.00304325
0.056 0.00273893
0.057 0.00246503
0.058 0.00221853
0.059 0.00199668
0.06 0.00179701
0.061 0.00161731
0.062 0.00145558
0.063 0.00131002
0.064 0.00117902
0.065 0.00106112
0.066 0.000955005
0.067 0.000859504
0.068 0.000773554
0.069 0.000696199
0.07 0.000626579
0.071 0.000563921
0.072 0.000507529
0.073 0.000456776
0.074 0.000411098
0.075 0.000369988
0.076 0.00033299
0.077 0.000299691
0.078 0.000269722
0.079 0.000242749
0.08 0.000218475
0.081 0.000196627
0.082 0.000176964
0.083 0.000159268
0.084 0.000143341
0.085 0.000129007
0.086 0.000116106
0.087 0.000104496
0.088 9.40461e-05
0.089 8.46415e-05
0.09 7.61773e-05
0.091 6.85596e-05
0.092 6.17037e-05
0.093 5.55333e-05
0.094 4.998e-05
0.095 4.4982e-05
0.096 4.04838e-05
0.097 3.64354e-05
0.098 3.27919e-05
0.099 2.95127e-05
0.1 2.65614e-05
0.101 2.39053e-05
0.102 2.15147e-05
0.103 1.93633e-05
0.104 1.74269e-05
0.105 1.56842e-05
0.106 1.41158e-05
0.107 1.27042e-05
0.108 1.14338e-05
0.109 1.02904e-05
0.11 9.26139e-06
0.111 8.33525e-06
0.112 7.50172e-06
0.113 6.75155e-06
0.114 6.0764e-06
0.115 5.46876e-06
0.116 4.92188e-06
0.117 4.42969e-06
0.118 3.98672e-06
0.119 3.58805e-06
0.12 3.22925e-06
0.121 2.90632e-06
0.122 2.61569e-06
0.123 2.35412e-06
0.124 2.11871e-06
0.125 1.90684e-06
0.126 1.71615e-06
0.127 1.54454e-06
0.128 1.39008e-06
0.129 1.25108e-06
0.13 1.12597e-06
0.131 1.01337e-06
0.132 9.12034e-07
0.133 8.20831e-07
0.134 7.38748e-07
0.135 6.64873e-07
0.136 5.98386e-07
0.137 5.38547e-07
0.138 4.84693e-07
0.139 4.36223e-07
0.14 3.92601e-07
0.141 3.53341e-07
0.142 3.18007e-07
0.143 2.86206e-07
0.144 2.57585e-07
0.145 2.31827e-07
0.146 2.08644e-07
0.147 1.8778e-07
0.148 1.69002e-07
0.149 1.52102e-07
0.15 1.36891e-07
0.151 1.23202e-07
0.152 1.10882e-07
0.153 9.97939e-08
0.154 8.98145e-08
0.155 8.0833e-08
0.156 7.27497e-08
0.157 6.54748e-08
0.158 5.89273e-08
0.159 5.30346e-08
0.16 4.77311e-08
0.161 4.2958e-08
0.162 3.86622e-08
0.163 3.4796e-08
0.164 3.13164e-08
0.165 2.81847e-08
0.166 2.53663e-08
0.167 2.28296e-08
0.168 2.05467e-08
0.169 1.8492e-08
0.17 1.66428e-08
0.171 1.49785e-08
0.172 1.34807e-08
0.173 1.21326e-08
0.174 1.09193e-08
0.175 9.82741e-09
0.176 8.84467e-09
0.177 7.9602e-09
0.178 7.16418e-09
0.179 6.44776e-09
0.18 5.80299e-09
0.181 5.22269e-09
0.182 4.70042e-09
0.183 4.23038e-09
0.184 3.80734e-09
0.185 3.42661e-09
0.186 3.08395e-09
0.187 2.77555e-09
0.188 2.498e-09
0.189 2.2482e-09
0.19 2.02338e-09
0.191 1.82104e-09
0.192 1.63894e-09
0.193 1.47504e-09
0.194 1.32754e-09
0.195 1.19478e-09
0.196 1.07531e-09
0.197 9.67775e-10
0.198 8.70997e-10
0.199 7.83898e-10
0.2 7.05508e-10
0.201 6.34957e-10
0.202 5.71461e-10
0.203 5.14315e-10
0.204 4.62884e-10
0.205 4.16595e-10
0.206 3.74936e-10
0.207 3.37442e-10
0.208 3.03698e-10
0.209 2.73328e-10
0.21 2.45995e-10
0.211 2.21396e-10
0.212 1.99256e-10
0.213 1.79331e-10
0.214 1.61398e-10
0.215 1.45258e-10
0.216 1.30732e-10
0.217 1.17659e-10
0.218 1.05893e-10
0.219 9.53037e-11
0.22 8.57733e-11
0.221 7.7196e-11
0.222 6.94764e-11
0.223 6.25287e-11
0.224 5.62759e-11
0.225 5.06483e-11
0.226 4.55834e-11
0.227 4.10251e-11
0.228 3.69226e-11
0.229 3.32303e-11
0.23 2.99073e-11
0.231 2.69166e-11
0.232 2.42249e-11
0.233 2.18024e-11
0.234 1.96222e-11
0.235 1.766e-11
0.236 1.5894e-11
0.237 1.43046e-11
0.238 1.28741e-11
0.239 1.15867e-11
0.24 1.0428e-11
0.241 9.38523e-12
0.242 8.4467e-12
0.243 7.60203e-12
0.244 6.84183e-12
0.245 6.15765e-12
0.246 5.54188e-12
0.247 4.98769e-12
0.248 4.48892e-12
0.249 4.04003e-12
0.25 3.63603e-12
0.251 3.27243e-12
0.252 2.94518e-12
0.253 2.65067e-12
0.254 2.3856e-12
0.255 2.14704e-12
0.256 1.93233e-12
0.257 1.7391e-12
0.258 1.56519e-12
0.259 1.40867e-12
0.26 1.2678e-12
0.261 1.14102e-12
0.262 1.02692e-12
0.263 9.2423e-13
0.264 8.31807e-13
0.265 7.48626e-13
0.266 6.73764e-13
0.267 6.06387e-13
0.268 5.45748e-13
0.269 4.91174e-13
0.27 4.42056e-13
0.271 3.97851e-13
0.272 3.58066e-13
0.273 3.22259e-13
0.274 2.90033e-13
0.275 2.6103e-13
0.276 2.34927e-13
0.277 2.11434e-13
0.278 1.90291e-13
0.279 1.71262e-13
0.28 1.54135e-13
0.281 1.38722e-13
0.282 1.2485e-13
0.283 1.12365e-13
0.284 1.01128e-13
0.285 9.10155e-14
0.286 8.19139e-14
0.287 7.37225e-14
0.288 6.63503e-14
0.289 5.97152e-14
0.29 5.37437e-14
0.291 4.83693e-14
0.292 4.35324e-14
0.293 3.91792e-14
0.294 3.52613e-14
0.295 3.17351e-14
0.296 2.85616e-14
0.297 2.57055e-14
0.298 2.31349e-14
0.299 2.08214e-14
0.3 1.87393e-14
0.301 1.68653e-14
0.302 1.51788e-14
0.303 1.36609e-14
0.304 1.22948e-14
0.305 1.10654e-14
0.306 9.95882e-15
0.307 8.96294e-15
0.308 8.06664e-15
0.309 7.25998e-15
0.31 6.53398e-15
0.311 5.88058e-15
0.312 5.29253e-15
0.313 4.76327e-15
0.314 4.28695e-15
0.315 3.85825e-15
0.316 3.47243e-15
0.317 3.12518e-15
0.318 2.81266e-15
0.319 2.5314e-15
0.32 2.27826e-15
0.321 2.05043e-15
0.322 1.84539e-15
0.323 1.66085e-15
0.324 1.49477e-15
0.325 1.34529e-15
0.326 1.21076e-15
0.327 1.08968e-15
0.328 9.80716e-16
0.329 8.82644e-16
0.33 7.9438e-16
0.331 7.14942e-16
0.332 6.43448e-16
0.333 5.79103e-16
0.334 5.21192e-16
0.335 4.69073e-16
0.336 4.22166e-16
0.337 3.79949e-16
0.338 3.41954e-16
0.339 3.07759e-16
0.34 2.76983e-16
0.341 2.49285e-16
0.342 2.24356e-16
0.343 2.01921e-16
0.344 1.81729e-16
0.345 1.63556e-16
0.346 1.472e-16
0.347 1.3248e-16
0.348 1.19232e-16
0.349 1.07309e-16
0.35 9.6578e-17
0.351 8.69202e-17
0.352 7.82282e-17
0.353 7.04054e-17
0.354 6.33648e-17
0.355 5.70284e-17
0.356 5.13255e-17
0.357 4.6193e-17
0.358 4.15737e-17
0.359 3.74163e-17
0.36 3.36747e-17
0.361 3.03072e-17
0.362 2.72765e-17
0.363 2.45488e-17
0.364 2.2094e-17
0.365 1.98846e-17
0.366 1.78961e-17
0.367 1.61065e-17
0.368 1.44958e-17
0.369 1.30463e-17
0.37 1.17416e-17
0.371 1.05675e-17
0.372 9.51072e-18
0.373 8.55965e-18
0.374 7.70369e-18
0.375 6.93332e-18
0.376 6.23999e-18
0.377 5.61599e-18
0.378 5.05439e-18
0.379 4.54895e-18
0.38 4.09405e-18
0.381 3.68465e-18
0.382 3.31618e-18
0.383 2.98457e-18
0.384 2.68611e-18
0.385 2.4175e-18
0.386 2.17575e-18
0.387 1.95817e-18
0.388 1.76236e-18
0.389 1.58612e-18
0.39 1.42751e-18
0.391 1.28476e-18
0.392 1.15628e-18
0.393 1.04065e-18
0.394 9.36588e-19
0.395 8.42929e-19
0.396 7.58637e-19
0.397 6.82773e-19
0.398 6.14496e-19
0.399 5.53046e-19
0.4 4.97741e-19
0.401 4.47967e-19
0.402 4.03171e-19
0.403 3.62853e-19
0.404 3.26568e-19
0.405 2.93911e-19
0.406 2.6452e-19
0.407 2.38068e-19
0.408 2.14261e-19
0.409 1.92835e-19
0.41 1.73552e-19
0.411 1.56197e-19
0.412 1.40577e-19
0.413 1.26519e-19
0.414 1.13867e-19
0.415 1.02481e-19
0.416 9.22325e-20
0.417 8.30092e-20
0.418 7.47083e-20
0.419 6.72375e-20
0.42 6.05137e-20
0.421 5.44624e-20
0.422 4.90161e-20
0.423 4.41145e-20
0.424 3.97031e-20
0.425 3.57328e-20
0.426 3.21595e-20
0.427 2.89435e-20
0.428 2.60492e-20
0.429 2.34443e-20
0.43 2.10998e-20
0.431 1.89899e-20
0.432 1.70909e-20
0.433 1.53818e-20
0.434 1.38436e-20
0.435 1.24592e-20
0.436 1.12133e-20
0.437 1.0092e-20
0.438 9.08279e-21
0.439 8.17451e-21
0.44 7.35706e-21
0.441 6.62135e-21
0.442 5.95922e-21
0.443 5.36329e-21
0.444 4.82697e-21
0.445 4.34427e-21
0.446 3.90984e-21
0.447 3.51886e-21
0.448 3.16697e-21
0.449 2.85027e-21
0.45 2.56525e-21
0.451 2.30872e-21
0.452 2.07785e-21
0.453 1.87007e-21
0.454 1.68306e-21
0.455 1.51475e-21
0.456 1.36328e-21
0.457 1.22695e-21
0.458 1.10425e-21
0.459 9.93829e-22
0.46 8.94446e-22
0.461 8.05002e-22
0.462 7.24502e-22
0.463 6.52051e-22
0.464 5.86846e-22
0.465 5.28162e-22
0.466 4.75346e-22
0.467 4.27811e-22
0.468 3.8503e-22
0.469 3.46527e-22
0.47 3.11874e-22
0.471 2.80687e-22
0.472 2.52618e-22
0.473 2.27356e-22
0.474 2.04621e-22
0.475 1.84159e-22
0.476 1.65743e-22
0.477 1.49168e-22
0.478 1.34252e-22
0.479 1.20826e-22
0.48 1.08744e-22
0.481 9.78694e-23
0.482 8.80825e-23
0.483 7.92742e-23
0.484 7.13468e-23
0.485 6.42121e-23
0.486 5.77909e-23
0.487 5.20118e-23
0.488 4.68106e-23
0.489 4.21296e-23
0.49 3.79166e-23
0.491 3.4125e-23
0.492 3.07125e-23
0.493 2.76412e-23
0.494 2.48771e-23
0.495 2.23894e-23
0.496 2.01504e-23
0.497 1.81354e-23
0.498 1.63219e-23
0.499 1.46897e-23
0.5 1.32207e-23
0.501 1.18986e-23
0.502 1.07088e-23
0.503 9.6379e-24
0.504 8.67411e-24
0.505 7.8067e-24
0.506 7.02603e-24
0.507 6.32342e-24
0.508 5.69108e-24
0.509 5.12197e-24
0.51 4.60978e-24
0.511 4.1488e-24
0.512 3.73392e-24
0.513 3.36053e-24
0.514 3.02447e-24
0.515 2.72203e-24
0.516 2.44982e-24
0.517 2.20484e-24
0.518 1.98436e-24
0.519 1.78592e-24
0.52 1.60733e-24
0.521 1.4466e-24
0.522 1.30194e-24
0.523 1.17174e-24
0.524 1.05457e-24
0.525 9.49112e-25
0.526 8.54201e-25
0.527 7.68781e-25
0.528 6.91903e-25
0.529 6.22712e-25
0.53 5.60441e-25
0.531 5.04397e-25
0.532 4.53957e-25
0.533 4.08562e-25
0.534 3.67705e-25
0.535 3.30935e-25
0.536 2.97841e-25
0.537 2.68057e-25
0.538 2.41252e-25
0.539 2.17126e-25
0.54 1.95414e-25
0.541 1.75872e-25
0.542 1.58285e-25
0.543 1.42457e-25
0.544 1.28211e-25
0.545 1.1539e-25
0.546 1.03851e-25
0.547 9.34658e-26
0.548 8.41192e-26
0.549 7.57073e-26
0.55 6.81366e-26
0.551 6.13229e-26
0.552 5.51906e-26
0.553 4.96716e-26
0.554 4.47044e-26
0.555 4.0234e-26
0.556 3.62106e-26
0.557 3.25895e-26
0.558 2.93306e-26
0.559 2.63975e-26
0.56 2.37577e-26
0.561 2.1382e-26
0.562 1.92438e-26
0.563 1.73194e-26
0.564 1.55875e-26
0.565 1.40287e-26
0.566 1.26258e-26
0.567 1.13633e-26
0.568 1.02269e-26
0.569 9.20424e-27
0.57 8.28381e-27
0.571 7.45543e-27
0.572 6.70989e-27
0.573 6.0389e-27
0.574 5.43501e-27
0.575 4.89151e-27
0.576 4.40236e-27
0.577 3.96212e-27
0.578 3.56591e-27
0.579 3.20932e-27
0.58 2.88839e-27
0.581 2.59955e-27
0.582 2.33959e-27
0.583 2.10563e-27
0.584 1.89507e-27
0.585 1.70556e-27
0.586 1.53501e-27
0.587 1.38151e-27
0.588 1.24336e-27
0.589 1.11902e-27
0.59 1.00712e-27
0.591 9.06407e-28
0.592 8.15766e-28
0.593 7.34189e-28
0.594 6.6077e-28
0.595 5.94693e-28
0.596 5.35224e-28
0.597 4.81702e-28
0.598 4.33531e-28
0.599 3.90178e-28
0.6 3.51161e-28
0.601 3.16044e-28
0.602 2.8444e-28
0.603 2.55996e-28
0.604 2.30396e-28
0.605 2.07357e-28
0.606 1.86621e-28
0.607 1.67959e-28
0.608 1.51163e-28
0.609 1.36047e-28
0.61 1.22442e-28
0.611 1.10198e-28
0.612 9.91781e-29
0.613 8.92603e-29
0.614 8.03343e-29
0.615 7.23008e-29
0.616 6.50708e-29
0.617 5.85637e-29
0.618 5.27073e-29
0.619 4.74366e-29
0.62 4.26929e-29
0.621 3.84236e-29
0.622 3.45813e-29
0.623 3.11231e-29
0.624 2.80108e-29
0.625 2.52097e-29
0.626 2.26888e-29
0.627 2.04199e-29
0.628 1.83779e-29
0.629 1.65401e-29
0.63 1.48861e-29
0.631 1.33975e-29
0.632 1.20577e-29
0.633 1.0852e-29
0.634 9.76677e-30
0.635 8.79009e-30
0.636 7.91108e-30
0.637 7.11998e-30
0.638 6.40798e-30
0.639 5.76718e-30
0.64 5.19046e-30
0.641 4.67142e-30
0.642 4.20427e-30
0.643 3.78385e-30
0.644 3.40546e-30
0.645 3.06492e-30
0.646 2.75842e-30
0.647 2.48258e-30
0.648 2.23432e-30
0.649 2.01089e-30
0.65 1.8098e-30
0.651 1.62882e-30
0.652 1.46594e-30
0.653 1.31935e-30
0.654 1.18741e-30
0.655 1.06867e-30
0.656 9.61803e-31
0.657 8.65623e-31
0.658 7.79061e-31
0.659 7.01154e-31
0.66 6.31039e-31
0.661 5.67935e-31
0.662 5.11142e-31
0.663 4.60027e-31
0.664 4.14025e-31
0.665 3.72622e-31
0.666 3.3536e-31
0.667 3.01824e-31
0.668 2.71642e-31
0.669 2.44477e-31
0.67 2.2003e-31
0.671 1.98027e-31
0.672 1.78224e-31
0.673 1.60402e-31
0.674 1.44361e-31
0.675 1.29925e-31
0.676 1.16933e-31
0.677 1.0524e-31
0.678 9.47156e-32
0.679 8.5244e-32
0.68 7.67196e-32
0.681 6.90477e-32
0.682 6.21429e-32
0.683 5.59286e-32
0.684 5.03357e-32
0.685 4.53022e-32
0.686 4.07719e-32
0.687 3.66948e-32
0.688 3.30253e-32
0.689 2.97228e-32
0.69 2.67505e-32
0.691 2.40754e-32
0.692 2.16679e-32
0.693 1.95011e-32
0.694 1.7551e-32
0.695 1.57959e-32
0.696 1.42163e-32
0.697 1.27947e-32
0.698 1.15152e-32
0.699 1.03637e-32
0.7 9.32731e-33
0.701 8.39458e-33
0.702 7.55512e-33
0.703 6.79961e-33
0.704 6.11965e-33
0.705 5.50769e-33
0.706 4.95692e-33
0.707 4.46123e-33
0.708 4.0151e-33
0.709 3.61359e-33
0.71 3.25223e-33
0.711 2.92701e-33
0.712 2.63431e-33
0.713 2.37088e-33
0.714 2.13379e-33
0.715 1.92041e-33
0.716 1.72837e-33
0.717 1.55553e-33
0.718 1.39998e-33
0.719 1.25998e-33
0.72 1.13398e-33
0.721 1.02059e-33
0.722 9.18527e-34
0.723 8.26674e-34
0.724 7.44007e-34
0.725 6.69606e-34
0.726 6.02645e-34
0.727 5.42381e-34
0.728 4.88143e-34
0.729 4.39329e-34
0.73 3.95396e-34
0.731 3.55856e-34
0.732 3.2027e-34
0.733 2.88243e-34
0.734 2.59419e-34
0.735 2.33477e-34
0.736 2.10129e-34
0.737 1.89117e-34
0.738 1.70205e-34
0.739 1.53184e-34
0.74 1.37866e-34
0.741 1.24079e-34
0.742 1.11671e-34
0.743 1.00504e-34
0.744 9.04538e-35
0.745 8.14085e-35
0.746 7.32676e-35
0.747 6.59409e-35
0.748 5.93468e-35
0.749 5.34121e-35
0.75 4.80709e-35
0.751 4.32638e-35
0.752 3.89374e-35
0.753 3.50437e-35
0.754 3.15393e-35
0.755 2.83854e-35
0.756 2.55468e-35
0.757 2.29922e-35
0.758 2.06929e-35
0.759 1.86236e-35
0.76 1.67613e-35
0.761 1.50852e-35
0.762 1.35766e-35
0.763 1.2219e-35
0.764 1.09971e-35
0.765 9.89737e-36
0.766 8.90763e-36
0.767 8.01687e-36
0.768 7.21518e-36
0.769 6.49366e-36
0.77 5.8443e-36
0.771 5.25987e-36
0.772 4.73388e-36
0.773 4.26049e-36
0.774 3.83444e-36
0.775 3.451e-36
0.776 3.1059e-36
0.777 2.79531e-36
0.778 2.51578e-36
0.779 2.2642e-36
0.78 2.03778e-36
0.781 1.834e-36
0.782 1.6506e-36
0.783 1.48554e-36
0.784 1.33699e-36
0.785 1.20329e-36
0.786 1.08296e-36
0.787 9.74664e-37
0.788 8.77198e-37
0.789 7.89478e-37
0.79 7.1053e-37
0.791 6.39477e-37
0.792 5.75529e-37
0.793 5.17976e-37
0.794 4.66179e-37
0.795 4.19561e-37
0.796 3.77605e-37
0.797 3.39844e-37
0.798 3.0586e-37
0.799 2.75274e-37
0.8 2.47747e-37
0.801 2.22972e-37
0.802 2.00675e-37
0.803 1.80607e-37
0.804 1.62546e-37
0.805 1.46292e-37
0.806 1.31663e-37
0.807 1.18496e-37
0.808 1.06647e-37
0.809 9.59821e-38
0.81 8.63839e-38
0.811 7.77455e-38
0.812 6.99709e-38
0.813 6.29738e-38
0.814 5.66765e-38
0.815 5.10088e-38
0.816 4.59079e-38
0.817 4.13171e-38
0.818 3.71854e-38
0.819 3.34669e-38
0.82 3.01202e-38
0.821 2.71082e-38
0.822 2.43974e-38
0.823 2.19576e-38
0.824 1.97619e-38
0.825 1.77857e-38
0.826 1.60071e-38
0.827 1.44064e-38
0.828 1.29658e-38
0.829 1.16692e-38
0.83 1.05023e-38
0.831 9.45204e-39
0.832 8.50683e-39
0.833 7.65615e-39
0.834 6.89053e-39
0.835 6.20148e-39
0.836 5.58133e-39
0.837 5.0232e-39
0.838 4.52088e-39
0.839 4.06879e-39
0.84 3.66191e-39
0.841 3.29572e-39
0.842 2.96615e-39
0.843 2.66953e-39
0.844 2.40258e-39
0.845 2.16232e-39
0.846 1.94609e-39
0.847 1.75148e-39
0.848 1.57633e-39
0.849 1.4187e-39
0.85 1.27683e-39
0.851 1.14915e-39
0.852 1.03423e-39
0.853 9.30809e-40
0.854 8.37728e-40
0.855 7.53955e-40
0.856 6.7856e-40
0.857 6.10704e-40
0.858 5.49633e-40
0.859 4.9467e-40
0.86 4.45203e-40
0.861 4.00683e-40
0.862 3.60614e-40
0.863 3.24553e-40
0.864 2.92098e-40
0.865 2.62888e-40
0.866 2.36599e-40
0.867 2.12939e-40
0.868 1.91645e-40
0.869 1.72481e-40
0.87 1.55233e-40
0.871 1.39709e-40
0.872 1.25738e-40
0.873 1.13165e-40
0.874 1.01848e-40
0.875 9.16634e-41
0.876 8.2497e-41
0.877 7.42473e-41
0.878 6.68226e-41
0.879 6.01403e-41
0.88 5.41263e-41
0.881 4.87137e-41
0.882 4.38423e-41
0.883 3.94581e-41
0.884 3.55123e-41
0.885 3.1961e-41
0.886 2.87649e-41
0.887 2.58884e-41
0.888 2.32996e-41
0.889 2.09696e-41
0.89 1.88727e-41
0.891 1.69854e-41
0.892 1.52869e-41
0.893 1.37582e-41
0.894 1.23824e-41
0.895 1.11441e-41
0.896 1.00297e-41
0.897 9.02674e-42
0.898 8.12407e-42
0.899 7.31166e-42
0.9 6.58049e-42
0.901 5.92244e-42
0.902 5.3302e-42
0.903 4.79718e-42
0.904 4.31746e-42
0.905 3.88572e-42
0.906 3.49714e-42
0.907 3.14743e-42
0.908 2.83269e-42
0.909 2.54942e-42
0.91 2.29448e-42
0.911 2.06503e-42
0.912 1.85853e-42
0.913 1.67267e-42
0.914 1.50541e-42
0.915 1.35487e-42
0.916 1.21938e-42
0.917 1.09744e-42
0.918 9.87697e-43
0.919 8.88927e-43
0.92 8.00034e-43
0.921 7.20031e-43
0.922 6.48028e-43
0.923 5.83225e-43
0.924 5.24903e-43
0.925 4.72412e-43
0.926 4.25171e-43
0.927 3.82654e-43
0.928 3.44389e-43
0.929 3.0995e-43
0.93 2.78955e-43
0.931 2.51059e-43
0.932 2.25953e-43
0.933 2.03358e-43
0.934 1.83022e-43
0.935 1.6472e-43
0.936 1.48248e-43
0.937 1.33423e-43
0.938 1.20081e-43
0.939 1.08073e-43
0.94 9.72655e-44
0.941 8.7539e-44
0.942 7.87851e-44
0.943 7.09066e-44
0.944 6.38159e-44
0.945 5.74343e-44
0.946 5.16909e-44
0.947 4.65218e-44
0.948 4.18696e-44
0.949 3.76827e-44
0.95 3.39144e-44
0.951 3.05229e-44
0.952 2.74707e-44
0.953 2.47236e-44
0.954 2.22512e-44
0.955 2.00261e-44
0.956 1.80235e-44
0.957 1.62211e-44
0.958 1.4599e-44
0.959 1.31391e-44
0.96 1.18252e-44
0.961 1.06427e-44
0.962 9.57842e-45
0.963 8.62058e-45
0.964 7.75852e-45
0.965 6.98267e-45
0.966 6.2844e-45
0.967 5.65596e-45
0.968 5.09037e-45
0.969 4.58133e-45
0.97 4.1232e-45
0.971 3.71088e-45
0.972 3.33979e-45
0.973 3.00581e-45
0.974 2.70523e-45
0.975 2.43471e-45
0.976 2.19124e-45
0.977 1.97211e-45
0.978 1.7749e-45
0.979 1.59741e-45
0.98 1.43767e-45
0.981 1.2939e-45
0.982 1.16451e-45
0.983 1.04806e-45
0.984 9.43255e-46
0.985 8.4893e-46
0.986 7.64037e-46
0.987 6.87633e-46
0.988 6.1887e-46
0.989 5.56983e-46
0.99 5.01285e-46
0.991 4.51156e-46
0.992 4.06041e-46
0.993 3.65436e-46
0.994 3.28893e-46
0.995 2.96004e-46
0.996 2.66403e-46
0.997 2.39763e-46
0.998 2.15787e-46
0.999 1.94208e-46
1 1.74787e-46
